131	      Tray01-04	16	-22.31	-41.87	-322.83	12.1	1
135	      Tray01-05	17	-21.98	-41.11	-320.19	8.7	1
139	      Tray01-06	18	-21.03	-39.36	-314.61	0.3	1
143	      Tray01-07	19	-20.59	-38.60	-311.85	-3.1	1
147	      Tray01-08	20	-20.08	-37.82	-309.17	-6.6	1
151	      Tray01-09	21	-19.04	-35.77	-301.80	-15.6	1
155	      Tray01-10	24	-16.71	-31.44	-285.94	-34.4	1
159	      Tray01-11	22	-16.22	-30.56	-284.63	-40.1	1
163	      Tray01-12	23	-16.07	-30.15	-281.78	-40.5	1
167	      Tray01-13	25	-14.18	-26.68	-268.17	-54.7	1
171	      Tray01-14	26	-12.35	-23.22	-255.25	-69.5	1
175	      Tray01-15	30	-11.90	-22.26	-252.63	-74.6	1
179	      Tray01-16	29	-6.77	-12.68	-214.75	-113.3	1
183	      Tray01-17	27	-1.78	-3.30	-178.51	-152.1	1
187	      Tray01-18	31	0.17	0.56	-161.79	-166.3	1
191	      Tray01-19	28	4.21	8.15	-132.73	-198.0	1
195	      Tray01-20	0	-4.65	-8.82	-62.88	7.7	1
199	      Tray01-21	0	-4.60	-8.86	-62.03	8.9	1
203	      Tray01-22	1	-4.22	-8.10	-59.23	5.6	1
207	      Tray01-23	2	-3.59	-6.89	-55.05	0.1	1
211	      Tray01-24	3	-3.39	-6.36	-52.83	-2.0	1
215	      Tray01-25	4	-2.57	-4.91	-47.99	-8.7	1
219	      Tray01-26	5	-1.47	-2.75	-41.04	-19.0	1
223	      Tray01-27	6	-0.76	-1.41	-35.30	-24.0	1
227	      Tray01-28	7	-0.04	-0.11	-31.16	-30.3	1
231	      Tray01-29	9	1.65	3.22	-18.75	-44.5	1
235	      Tray01-30	8	3.40	6.54	-6.07	-58.4	1
239	      Tray01-31	10	5.17	9.85	7.04	-71.8	1
243	      Tray01-32	14	8.88	17.09	35.59	-101.2	1
247	      Tray01-33	13	13.13	25.19	69.67	-131.9	1
251	      Tray01-34	12	14.52	27.88	84.30	-138.8	1
255	      Tray01-35	15	15.46	29.79	89.63	-148.7	1
259	      Tray01-36	11	17.22	33.14	104.94	-160.2	1
263	      Tray01-37	EGRIP waste	-21.84	-40.79	-322.73	3.6	1
267	      Tray01-38	EGRIP waste	-21.85	-40.97	-325.81	1.9	1
271	      Tray01-39	EGRIP waste	-21.84	-41.13	-326.71	2.3	1
275	      Tray01-40	EGRIP waste	-21.93	-41.10	-327.14	1.6	1
279	      Tray01-41	EGRIP waste	-21.98	-41.17	-327.40	1.9	1
283	      Tray01-42	EGRIP waste	-22.01	-41.19	-327.68	1.8	1
287	      Tray01-43	EGRIP waste	-21.91	-41.16	-327.80	1.5	1
291	      Tray01-44	EGRIP waste	-21.79	-41.06	-327.78	0.7	1
295	      Tray01-45	EGRIP waste	-21.89	-41.10	-327.98	0.8	1
299	      Tray01-46	EGRIP waste	-21.92	-41.14	-328.07	1.0	1
303	      Tray01-47	EGRIP waste	-22.00	-41.13	-328.14	0.9	1
307	      Tray01-48	EGRIP waste	-21.90	-41.06	-328.04	0.4	1
311	      Tray01-49	EGRIP waste	-21.99	-41.19	-328.07	1.4	1
315	      Tray01-50	EGRIP waste	-21.93	-41.12	-328.14	0.8	1
319	      Tray01-51	EGRIP waste	-21.91	-41.15	-328.07	1.1	1
323	      Tray01-52	EGRIP waste	-21.89	-41.11	-328.17	0.7	1
327	      Tray01-53	EGRIP waste	-21.90	-41.13	-328.11	0.9	1
331	      Tray01-54	EGRIP waste	-22.02	-41.20	-328.22	1.4	1
335	      Tray01-55	EGRIP waste	-21.96	-41.15	-328.18	1.1	1
339	      Tray01-56	EGRIP waste	-21.94	-41.05	-327.99	0.4	1

